目标ID	作战时间	目标纬度	目标经度	目标高度
41006830	1471427976	.249264711886789	1.94281171850166	7000
41006831	1471427976	.285234944497116	1.93481705656146	9200
41006836	1471427976	.259737308476097	1.93345059920411	4600
41006837	1471427976	.305883112045265	1.95208578266656	5200
41006839	1471427976	.286310567073706	2.00281165805453	5200
41006842	1471427976	.297353577381361	1.97855476896322	3400
41006851	1471427976	.272915572388249	1.99480320595333	2600
41006860	1471427976	.304937213840596	1.95809524964139	9400
41006872	1471427976	.236466240027669	1.96447151113121	6000
41006885	1471427976	.240796422466932	1.97187717386617	1400
41006891	1471427976	.301204623565201	1.9915232095392	4800
41006893	1471427976	.276827627052118	2.00664966850671	8600
41006830	1471427977	.249284249515577	1.94282282157269	7000
41006831	1471427977	.285244484245763	1.9348598419443	9200
41006836	1471427977	.25974360886481	1.93348733230521	4600
41006837	1471427977	.305858581685949	1.95210504396033	5200
41006839	1471427977	.286280318371093	2.00280613367335	5200
41006842	1471427977	.297321491953597	1.97852679018843	3400
41006851	1471427977	.272944140040743	1.99476409112421	2600
41006860	1471427977	.304944971894999	1.95804941718586	9400
41006872	1471427977	.236493819282972	1.96446704708082	6000
41006885	1471427977	.240843170461879	1.97186874096201	1400
41006891	1471427977	.301180753264624	1.99150309759366	4800
41006893	1471427977	.276842315835141	2.00661856090448	8600
41006830	1471427978	.249303787144365	1.9428339246993	7000
41006831	1471427978	.28525402399441	1.93490262744755	9200
41006836	1471427978	.259749909253522	1.93352406546819	4600
41006837	1471427978	.305834051326632	1.95212430510402	5200
41006839	1471427978	.286250069668481	2.00280060934165	5200
41006842	1471427978	.297289406525834	1.97849881169035	3400
41006851	1471427978	.272972707693237	1.99472497598039	2600
41006860	1471427978	.304952729949402	1.95800358461774	9400
41006872	1471427978	.236521398538274	1.96446258300059	6000
41006885	1471427978	.240889918456826	1.97186030796044	1400
41006891	1471427978	.301156882964047	1.99148298579815	4800
41006893	1471427978	.276857004618164	2.00658745317162	8600
41006830	1471427979	.249323324773153	1.94284502788147	7000
41006831	1471427979	.285263563743056	1.93494541307122	9200
41006836	1471427979	.259756209642235	1.93356079869305	4600
41006837	1471427979	.305809520967315	1.95214356609764	5200
41006839	1471427979	.286219820965868	2.00279508505944	5200
41006842	1471427979	.29725732109807	1.97847083346895	3400
41006851	1471427979	.273001275345731	1.99468586052183	2600
41006860	1471427979	.304960488003805	1.95795775193703	9400
41006872	1471427979	.236548977793577	1.96445811889049	6000
41006885	1471427979	.240936666451773	1.97185187486142	1400
41006891	1471427979	.30113301266347	1.99146287415263	4800
41006893	1471427979	.276871693401187	2.00655634530814	8600
41006830	1471427980	.249342862401941	1.94285613111922	7000
41006831	1471427980	.285273103491703	1.93498819881531	9200
41006836	1471427980	.259762510030947	1.93359753197979	4600
41006837	1471427980	.305784990607998	1.95216282694121	5200
41006839	1471427980	.286189572263255	2.00278956082669	5200
41006842	1471427980	.297225235670307	1.97844285552419	3400
41006851	1471427980	.273029842998225	1.9946467447485	2600
41006860	1471427980	.304968246058208	1.95791191914372	9400
41006872	1471427980	.23657655704888	1.96445365475053	6000
41006885	1471427980	.24098341444672	1.97184344166493	1400
41006891	1471427980	.301109142362893	1.99144276265711	4800
41006893	1471427980	.27688638218421	2.00652523731402	8600
41006830	1471427982	.249362400030729	1.94286723441254	7000
41006831	1471427982	.285282643240349	1.93503098467983	9200
41006836	1471427982	.25976881041966	1.93363426532842	4600
41006837	1471427982	.305760460248681	1.95218208763473	5200
41006839	1471427982	.286159323560642	2.00278403664342	5200
41006842	1471427982	.297193150242544	1.97841487785603	3400
41006851	1471427982	.273058410650719	1.99460762866035	2600
41006860	1471427982	.304976004112611	1.95786608623782	9400
41006872	1471427982	.236604136304182	1.96444919058071	6000
41006885	1471427982	.241030162441667	1.97183500837096	1400
41006891	1471427982	.301085272062317	1.99142265131157	4800
41006893	1471427982	.276901070967233	2.00649412918926	8600
41006830	1471427982	.249381937659517	1.94287833776145	7000
41006831	1471427982	.285292182988996	1.93507377066477	9200
41006836	1471427982	.259775110808372	1.93367099873893	4600
41006837	1471427982	.305735929889364	1.95220134817822	5200
41006839	1471427982	.286129074858029	2.00277851250961	5200
41006842	1471427982	.29716106481478	1.97838690046445	3400
41006851	1471427982	.273086978303213	1.99456851225736	2600
41006860	1471427982	.304983762167014	1.95782025321931	9400
41006872	1471427982	.236631715559485	1.96444472638101	6000
41006885	1471427982	.241076910436615	1.97182657497948	1400
41006891	1471427982	.30106140176174	1.99140254011599	4800
41006893	1471427982	.276915759750257	2.00646302093385	8600
41006830	1471427983	.249401475288305	1.94288944116595	7000
41006831	1471427983	.285301722737643	1.93511655677016	9200
41006836	1471427983	.259781411197085	1.93370773221134	4600
41006837	1471427983	.305711399530047	1.9522206085717	5200
41006839	1471427983	.286098826155417	2.00277298842526	5200
41006842	1471427983	.297128979387017	1.9783589233494	3400
41006851	1471427983	.273115545955707	1.99452939553947	2600
41006860	1471427983	.304991520221417	1.9577744200882	9400
41006872	1471427983	.236659294814788	1.96444026215145	6000
41006885	1471427983	.241123658431562	1.97181814149047	1400
41006891	1471427983	.301037531461163	1.99138242907036	4800
41006893	1471427983	.27693044853328	2.00643191254778	8600
41006830	1471427984	.249421012917093	1.94290054462605	7000
41006831	1471427984	.285311262486289	1.93515934299598	9200
41006836	1471427984	.259787711585797	1.93374446574562	4600
41006837	1471427984	.30568686917073	1.95223986881518	5200
41006839	1471427984	.286068577452804	2.00276746439036	5200
41006842	1471427984	.297096893959253	1.97833094651085	3400
41006851	1471427984	.273144113608201	1.99449027850666	2600
41006860	1471427984	.30499927827582	1.95772858684448	9400
41006872	1471427984	.23668687407009	1.964435797892	6000
41006885	1471427984	.241170406426509	1.97180970790391	1400
41006891	1471427984	.301013661160586	1.99136231817466	4800
41006893	1471427984	.276945137316303	2.00640080403104	8600
41006830	1471427985	.249440550545881	1.94291164814174	7000
41006831	1471427985	.285320802234936	1.93520212934225	9200
41006836	1471427985	.25979401197451	1.93378119934181	4600
41006837	1471427985	.305662338811413	1.95225912890867	5200
41006839	1471427985	.286038328750191	2.0027619404049	5200
41006842	1471427985	.29706480853149	1.97830296994878	3400
41006851	1471427985	.273172681260695	1.99445116115889	2600
41006860	1471427985	.305007036330223	1.95768275348815	9400
41006872	1471427985	.236714453325393	1.96443133360267	6000
41006885	1471427985	.241217154421456	1.97180127421979	1400
41006891	1471427985	.300989790860009	1.99134220742889	4800
41006893	1471427985	.276959826099326	2.00636969538362	8600
41006830	1471427987	.249460088174669	1.94292275171304	7000
41006831	1471427987	.285330341983583	1.93524491580896	9200
41006836	1471427987	.259800312363222	1.93381793299988	4600
41006837	1471427987	.305637808452096	1.95227838885218	5200
41006839	1471427987	.286008080047578	2.00275641646888	5200
41006842	1471427987	.297032723103726	1.97827499366314	3400
41006851	1471427987	.273201248913189	1.99441204349612	2600
41006860	1471427987	.305014794384626	1.9576369200192	9400
41006872	1471427987	.236742032580696	1.96442686928346	6000
41006885	1471427987	.241263902416403	1.97179284043807	1400
41006891	1471427987	.300965920559432	1.99132209683302	4800
41006893	1471427987	.276974514882349	2.00633858660553	8600
41006830	1471427987	.249479625803457	1.94293385533995	7000
41006831	1471427987	.285339881732229	1.93528770239614	9200
41006836	1471427987	.259806612751934	1.93385466671985	4600
41006837	1471427987	.305613278092779	1.95229764864574	5200
41006839	1471427987	.285977831344965	2.0027508925823	5200
41006842	1471427987	.297000637675963	1.9782470176539	3400
41006851	1471427987	.273229816565683	1.99437292551832	2600
41006860	1471427987	.305022552439029	1.95759108643763	9400
41006872	1471427987	.236741058080856	1.96445538994275	6000
41006885	1471427987	.24131065041135	1.97178440655875	1400
41006891	1471427987	.300937646942088	1.99133458295608	4800
41006893	1471427987	.276989203665373	2.00630747769674	8600
41006830	1471427988	.249499163432245	1.94294495902247	7000
41006831	1471427988	.285349421480876	1.93533048910377	9200
41006836	1471427988	.259812913140647	1.93389140050171	4600
41006837	1471427988	.305588747733462	1.95231690828935	5200
41006839	1471427988	.285947582642352	2.00274536874514	5200
41006842	1471427988	.296968552248199	1.97821904192102	3400
41006851	1471427988	.273258384218177	1.99433380722544	2600
41006860	1471427988	.305030310493432	1.95754525274345	9400
41006872	1471427988	.236740083581017	1.96448391059528	6000
41006885	1471427988	.241357398406297	1.97177597258179	1400
41006891	1471427988	.300909373324744	1.99134706896892	4800
41006893	1471427988	.277003892448396	2.00627636865726	8600
41006830	1471427989	.249518701061033	1.94295606276061	7000
41006831	1471427989	.285358961229523	1.93537327593186	9200
41006836	1471427989	.259819213529359	1.93392813434547	4600
41006837	1471427989	.305564217374145	1.95233616778303	5200
41006839	1471427989	.28591733393974	2.00273984495741	5200
41006842	1471427989	.296936466820436	1.97819106646448	3400
41006851	1471427989	.273286951870671	1.99429468861745	2600
41006860	1471427989	.305038068547835	1.95749941893664	9400
41006872	1471427989	.236739109081177	1.96451243124108	6000
41006885	1471427989	.241404146401244	1.97176753850718	1400
41006891	1471427989	.300881099707401	1.99135955487155	4800
41006893	1471427989	.277018581231419	2.00624525948707	8600
41006830	1471427990	.249538238689821	1.94296716655437	7000
41006831	1471427990	.285368500978169	1.93541606288042	9200
41006836	1471427990	.259825513918072	1.93396486825113	4600
41006837	1471427990	.305539687014828	1.9523554271268	5200
41006839	1471427990	.285887085237127	2.00273432121908	5200
41006842	1471427990	.296904381392672	1.97816309128423	3400
41006851	1471427990	.273315519523165	1.99425556969431	2600
41006860	1471427990	.305045826602238	1.9574535850172	9400
41006872	1471427990	.236738134581337	1.96454095188013	6000
41006885	1471427990	.241450894396191	1.9717591043349	1400
41006891	1471427990	.300852826090057	1.99137204066398	4800
41006893	1471427990	.277033270014442	2.00621415018616	8600
41006830	1471427991	.249557776318609	1.94297827040376	7000
41006831	1471427991	.285378040726816	1.93545884994945	9200
41006836	1471427991	.259831814306784	1.93400160221869	4600
41006837	1471427991	.305515156655511	1.95237468632066	5200
41006839	1471427991	.285856836534514	2.00272879753017	5200
41006842	1471427991	.296872295964909	1.97813511638024	3400
41006851	1471427991	.273344087175659	1.99421645045599	2600
41006860	1471427991	.305053584656641	1.95740775098513	9400
41006872	1471427991	.236737160081498	1.96456947251242	6000
41006885	1471427991	.241497642391139	1.97175067006493	1400
41006891	1471427991	.300824552472713	1.99138452634622	4800
41006893	1471427991	.277047958797465	2.00618304075453	8600
41006830	1471427993	.249577313947397	1.94298937430878	7000
41006831	1471427993	.285387580475463	1.93550163713896	9200
41006836	1471427993	.259838114695497	1.93403833624815	4600
41006837	1471427993	.305490626296195	1.95239394536463	5200
41006839	1471427993	.285826587831901	2.00272327389066	5200
41006842	1471427993	.296840210537146	1.97810714175249	3400
41006851	1471427993	.273372654828153	1.99417733090245	2600
41006860	1471427993	.305061342711044	1.95736191684042	9400
41006872	1471427993	.236736185581658	1.96459799313798	6000
41006885	1471427993	.241544390386086	1.97174223569724	1400
41006891	1471427993	.30079627885537	1.99139701191829	4800
41006893	1471427993	.277062647580488	2.00615193119218	8600
41006830	1471427993	.249596851576185	1.94300047826944	7000
41006831	1471427993	.285397120224109	1.93554442444894	9200
41006836	1471427993	.259844415084209	1.93407507033952	4600
41006837	1471427993	.305466095936878	1.95241320425873	5200
41006839	1471427993	.285796339129288	2.00271775030055	5200
41006842	1471427993	.296808125109382	1.97807916740092	3400
41006851	1471427993	.273401222480647	1.99413821103364	2600
41006860	1471427993	.305069100765447	1.95731608258308	9400
41006872	1471427993	.236735211081819	1.96462651375678	6000
41006885	1471427993	.241591138381033	1.97173380123181	1400
41006891	1471427993	.300768005238026	1.9914094973802	4800
41006893	1471427993	.277029389700337	2.00615614939087	8600
41006830	1471427994	.249616389204973	1.94301158228574	7000
41006831	1471427994	.285406659972756	1.93558721187942	9200
41006836	1471427994	.259850715472922	1.93411180449279	4600
41006837	1471427994	.305441565577561	1.95243246300296	5200
41006839	1471427994	.285766090426676	2.00271222675983	5200
41006842	1471427994	.296776039681619	1.97805119332552	3400
41006851	1471427994	.273429790133141	1.99409909084954	2600
41006860	1471427994	.30507685881985	1.9572702482131	9400
41006872	1471427994	.236734236581979	1.96465503436884	6000
41006885	1471427994	.24163788637598	1.97172536666863	1400
41006891	1471427994	.300739731620682	1.99142198273196	4800
41006893	1471427994	.276996131820185	2.00616036754942	8600
41006830	1471427995	.249635926833761	1.94302268635769	7000
41006831	1471427995	.285416199721403	1.93562999943039	9200
41006836	1471427995	.259857015861634	1.93414853870797	4600
41006837	1471427995	.305417035218244	1.95245172159735	5200
41006839	1471427995	.285735841724063	2.0027067032685	5200
41006842	1471427995	.296743954253855	1.97802321952624	3400
41006851	1471427995	.273458357785635	1.99405997035011	2600
41006860	1471427995	.305084616874253	1.95722441373047	9400
41006872	1471427995	.236733262082139	1.96468355497415	6000
41006885	1471427995	.241684634370927	1.97171693200767	1400
41006891	1471427995	.300711458003339	1.99143446797358	4800
41006893	1471427995	.276962873940033	2.00616458566786	8600
41006830	1471427996	.249655464462549	1.94303379048529	7000
41006831	1471427996	.285425739470049	1.93567278710185	9200
41006836	1471427996	.259863316250347	1.93418527298506	4600
41006837	1471427996	.305392504858927	1.95247098004191	5200
41006839	1471427996	.28570559302145	2.00270117982654	5200
41006842	1471427996	.296711868826092	1.97799524600305	3400
41006851	1471427996	.273486925438129	1.99402084953531	2600
41006860	1471427996	.305092374928656	1.95717857913519	9400
41006872	1471427996	.2367322875823	1.96471207557272	6000
41006885	1471427996	.241731382365874	1.97170849724891	1400
41006891	1471427996	.300683184385995	1.99144695310508	4800
41006893	1471427996	.276929616059881	2.00616880374617	8600
41006830	1471427997	.249675002091337	1.94304489466855	7000
41006831	1471427997	.285435279218696	1.93571557489381	9200
41006836	1471427997	.259869616639059	1.93422200732406	4600
41006837	1471427997	.30536797449961	1.95249023833664	5200
41006839	1471427997	.285675344318837	2.00269565643396	5200
41006842	1471427997	.296679783398328	1.97796727275592	3400
41006851	1471427997	.273515493090623	1.9939817284051	2600
41006860	1471427997	.305100132983059	1.95713274442726	9400
41006872	1471427997	.23673131308246	1.96474059616453	6000
41006885	1471427997	.241778130360821	1.97170006239234	1400
41006891	1471427997	.300654910768651	1.99145943812646	4800
41006893	1471427997	.276896358179729	2.00617302178436	8600
41006830	1471427998	.249694539720125	1.94305599890746	7000
41006831	1471427998	.285444818967342	1.93575836280627	9200
41006836	1471427998	.259875917027772	1.93425874172497	4600
41006837	1471427998	.305343444140293	1.95250949648157	5200
41006830	1471427976	.249245174258001	1.94280061548618	7000
41006831	1471427976	.28522540474847	1.93477427129903	9200
41006836	1471427976	.259731008087385	1.93341386616488	4600
41006837	1471427976	.305907642404582	1.95206652122268	5200
41006839	1471427976	.286340815776319	2.00281718248521	5200
41006842	1471427976	.297385662809124	1.97858274801475	3400
41006851	1471427976	.272887004735755	1.99484232046778	2600
41006860	1471427976	.304929455786193	1.95814108198434	9400
41006839	1471427998	.285645095616224	2.00269013309074	5200
41006842	1471427998	.296647697970565	1.9779392997848	3400
41006851	1471427998	.273544060743117	1.99394260695945	2600
41006860	1471427998	.305107891037462	1.95708690960667	9400
41006872	1471427998	.236730338582621	1.96476911674961	6000
41006885	1471427998	.241824878355768	1.97169162743792	1400
41006891	1471427998	.300626637151308	1.99147192303773	4800
41006893	1471427998	.276863100299577	2.00617723978245	8600
41006830	1471428000	.249714077348913	1.94306710320205	7000
41006831	1471428000	.285454358715989	1.93580115083925	9200
41006836	1471428000	.259882217416484	1.9342954761878	4600
41006837	1471428000	.305318913780976	1.95252875447671	5200
41006839	1471428000	.285614846913612	2.00268460979689	5200
41006842	1471428000	.296615612542801	1.97791132708968	3400
41006851	1471428000	.273572628395611	1.99390348519831	2600
41006860	1471428000	.305115649091865	1.95704107467343	9400
41006872	1471428000	.236729364082781	1.96479763732794	6000
41006885	1471428000	.241871626350715	1.97168319238565	1400
41006891	1471428000	.300598363533964	1.99148440783892	4800
41006893	1471428000	.276829842419425	2.00618145774043	8600
41006830	1471428000	.2497336149777	1.94307820755231	7000
41006831	1471428000	.285463898464636	1.93584393899273	9200
41006836	1471428000	.259888517805197	1.93433221071254	4600
41006837	1471428000	.305294383421659	1.95254801232207	5200
41006839	1471428000	.285584598210999	2.00267908655239	5200
41006842	1471428000	.296583527115038	1.97788335467051	3400
41006851	1471428000	.273578413430743	1.99385486434279	2600
41006860	1471428000	.305123407146268	1.95699523962753	9400
41006872	1471428000	.236728389582941	1.96482615789951	6000
41006885	1471428000	.241918374345663	1.97167475723549	1400
41006891	1471428000	.30057008991662	1.99149689253003	4800
41006893	1471428000	.276796584539273	2.00618567565832	8600
41006830	1471428001	.249753152606488	1.94308931195824	7000
41006831	1471428001	.285473438213282	1.93588672726674	9200
41006836	1471428001	.259894818193909	1.9343689452992	4600
41006837	1471428001	.305269853062342	1.95256727001767	5200
41006839	1471428001	.285554349508386	2.00267356335725	5200
41006842	1471428001	.296551441687274	1.97785538252726	3400
41006851	1471428001	.273584198465876	1.99380624340786	2600
41006860	1471428001	.305131165200671	1.95694940446896	9400
41006872	1471428001	.236727415083102	1.96485467846435	6000
41006885	1471428001	.24196512234061	1.97166632198744	1400
41006891	1471428001	.300541816299276	1.99150937711107	4800
41006893	1471428001	.276763326659121	2.00618989353611	8600
41006830	1471428002	.249772690235276	1.94310041641985	7000
41006831	1471428002	.285482977961929	1.93592951566127	9200
41006836	1471428002	.259901118582621	1.93440567994778	4600
41006837	1471428002	.305245322703025	1.95258652756352	5200
41006839	1471428002	.285524100805773	2.00266804021144	5200
41006842	1471428002	.296519356259511	1.97782741065989	3400
41006851	1471428002	.273589983501008	1.99375762239352	2600
41006860	1471428002	.305138923255074	1.95690356919772	9400
41006872	1471428002	.236726440583262	1.96488319902242	6000
41006885	1471428002	.242011870335557	1.97165788664146	1400
41006891	1471428002	.300513542681933	1.99152186158206	4800
41006893	1471428002	.276730068778969	2.00619411137381	8600
41006830	1471428003	.249792227864064	1.94311152093715	7000
41006831	1471428003	.285492517710576	1.93597230417632	9200
41006836	1471428003	.259907418971334	1.93444241465828	4600
41006837	1471428003	.305220792343708	1.95260578495963	5200
41006839	1471428003	.28549385210316	2.00266251711498	5200
41006842	1471428003	.296487270831748	1.97779943906837	3400
41006851	1471428003	.27359576853614	1.99370900129977	2600
41006860	1471428003	.305146681309477	1.95685773381381	9400
41006872	1471428003	.236725466083423	1.96491171957376	6000
41006885	1471428003	.242058618330504	1.97164945119754	1400
41006891	1471428003	.300485269064589	1.99153434594301	4800
41006893	1471428003	.276696810898817	2.00619832917143	8600
41006830	1471428004	.249811765492852	1.94312262551014	7000
41006831	1471428004	.285502057459222	1.93601509281191	9200
41006836	1471428004	.259913719360046	1.9344791494307	4600
41006837	1471428004	.305196261984391	1.95262504220602	5200
41006839	1471428004	.285463603400547	2.00265699406784	5200
41006842	1471428004	.296455185403984	1.97777146775267	3400
41006851	1471428004	.273601553571272	1.9936603801266	2600
41006860	1471428004	.30515443936388	1.95681189831723	9400
41006872	1471428004	.236724491583583	1.96494024011835	6000
41006885	1471428004	.242105366325451	1.97164101565565	1400
41006891	1471428004	.300456995447245	1.99154683019392	4800
41006893	1471428004	.276663553018665	2.00620254692897	8600
41006830	1471428006	.24983130312164	1.94313373013883	7000
41006831	1471428006	.285511597207869	1.93605788156803	9200
41006836	1471428006	.259920019748759	1.93451588426505	4600
41006837	1471428006	.305171731625074	1.95264429930271	5200
41006839	1471428006	.285433354697935	2.00265147107003	5200
41006842	1471428006	.296423099976221	1.97774349671274	3400
41006851	1471428006	.273607338606405	1.99361175887401	1200
41006860	1471428006	.305162197418283	1.95676606270797	9400
41006872	1471428006	.236723517083743	1.9649687606562	6000
41006885	1471428006	.242152114320398	1.97163258001578	1400
41006891	1471428006	.300428721829902	1.99155931433482	4800
41006893	1471428006	.276630295138513	2.00620676464644	8600
41006830	1471428006	.249850840750428	1.94314483482321	7000
41006831	1471428006	.285521136956516	1.93610067044469	9200
41006836	1471428006	.259926320137471	1.93455261916132	4600
41006837	1471428006	.305147201265758	1.9526635562497	5200
41006839	1471428006	.285403105995322	2.00264594812154	5200
41006842	1471428006	.296391014548457	1.97771552594857	3400
41006851	1471428006	.273613123641537	1.99356313754201	1200
41006860	1471428006	.305169955472686	1.95672022698603	9400
41006872	1471428006	.236722542583904	1.9649972811873	6000
41006885	1471428006	.242198862315345	1.9716241442779	1400
41006891	1471428006	.300400448212558	1.99157179836571	4800
41006893	1471428006	.276597037258361	2.00621098232385	8600
41006830	1471428008	.249870378379216	1.9431559395633	7000
41006831	1471428008	.285530676705162	1.9361434594419	9200
41006836	1471428008	.259932620526184	1.93458935411952	4600
41006837	1471428008	.305122670906441	1.95268281304701	5200
41006839	1471428008	.285372857292709	2.00264042522237	5200
41006842	1471428008	.296358929120694	1.97768755546011	1000
41006851	1471428008	.273618908676669	1.99351451613059	1200
41006860	1471428008	.305177713527089	1.9566743911514	9400
41006872	1471428008	.236721568084064	1.96502580171165	6000
41006885	1471428008	.242245610310292	1.97161570844199	1400
41006891	1471428008	.300372174595214	1.9915842822866	4800
41006893	1471428008	.276563779378209	2.00621519996119	8600
41006830	1471428008	.249889916008004	1.9431670443591	7000
41006831	1471428008	.285540216453809	1.93618624855966	9200
41006836	1471428008	.259938920914896	1.93462608913965	4600
41006837	1471428008	.305098140547124	1.95270206969465	5200
41006839	1471428008	.285342608590096	2.0026349023725	5200
41006842	1471428008	.29632684369293	1.97765958524732	1000
41006851	1471428008	.273624693711801	1.99346589463974	1200
41006860	1471428008	.305185471581492	1.95662855520408	9400
41006872	1471428008	.236720593584225	1.96505432222926	6000
41006885	1471428008	.242292358305239	1.97160727250804	1400
41006891	1471428008	.300343900977871	1.99159676609752	4800
41006893	1471428008	.276530521498057	2.00621941755848	8600
41006830	1471428009	.249909453636792	1.94317814921062	7000
41006831	1471428009	.285549756202456	1.93622903779798	9200
41006836	1471428009	.259945221303609	1.93466282422171	4600
41006837	1471428009	.305073610187807	1.95272132619265	5200
41006839	1471428009	.285312359887483	2.00262937957194	5200
41006842	1471428009	.296294758265167	1.97763161531018	1000
41006851	1471428009	.273630478746934	1.99341727306947	1200
41006860	1471428009	.305193229635895	1.95658271914408	9400
41006872	1471428009	.236719619084385	1.96508284274012	6000
41006885	1471428009	.242339106300187	1.97159883647602	1400
41006891	1471428009	.300315627360527	1.99160924979846	4800
41006893	1471428009	.276497263617905	2.00622363511572	8600
41006830	1471428011	.24992899126558	1.94318925411785	7000
41006831	1471428011	.285559295951102	1.93627182715685	9200
41006836	1471428011	.259951521692321	1.9346995593657	4600
41006837	1471428011	.30504907982849	1.952740582541	5200
41006839	1471428011	.285282111184871	2.00262385682067	5200
41006842	1471428011	.296262672837403	1.97760364564865	1000
41006851	1471428011	.273636263782066	1.99336865141978	1200
41006860	1471428011	.305200987690298	1.95653688297138	9400
41006872	1471428011	.236718644584545	1.96511136324422	6000
41006885	1471428011	.242385854295134	1.97159040034591	1400
41006891	1471428011	.300287353743183	1.99162173338944	4800
41006893	1471428011	.276464005737753	2.00622785263292	8600
41006830	1471428011	.249948528894368	1.94320035908081	7000
41006831	1471428011	.285568835699749	1.93631461663629	9200
41006836	1471428011	.259957822081034	1.93473629457163	4600
41006837	1471428011	.305024549469173	1.95275983873974	5200
41006839	1471428011	.285251862482258	2.00261833411869	5200
41006842	1471428011	.29623058740964	1.97757567626269	1000
41006851	1471428011	.273642048817198	1.99332002969065	1200
41006860	1471428011	.305208745744701	1.95649104668598	9400
41006872	1471428011	.236717670084706	1.9651398837416	6000
41006885	1471428011	.242432602290081	1.9715819641177	1400
41006891	1471428011	.300259080125839	1.99163421687048	4800
41006893	1471428011	.276430747857601	2.00623207011008	8600
41006830	1471428012	.249968066523156	1.9432114640995	7000
41006831	1471428012	.285578375448396	1.9363574062363	9200
41006836	1471428012	.259964122469746	1.93477302983949	4600
41006837	1471428012	.305000019109856	1.95277909478886	5200
41006839	1471428012	.285221613779645	2.00261281146599	5200
41006842	1471428012	.296198501981877	1.97754770715228	1000
41006851	1471428012	.27364783385233	1.9932714078821	1200
41006860	1471428012	.305216503799104	1.95644521028788	9400
41006872	1471428012	.236716695584866	1.96516840423221	6000
41006885	1471428012	.242479350285028	1.97157352779135	1400
41006891	1471428012	.300230806508496	1.99164670024158	4800
41006893	1471428012	.276397489977449	2.0062362875472	8600
41006830	1471428013	.249987604151944	1.94322256917392	7000
41006831	1471428013	.285587915197042	1.93640019595687	9200
41006836	1471428013	.259970422858459	1.93480976516929	4600
41006837	1471428013	.304975488750539	1.95279835068838	5200
41006839	1471428013	.285191365077032	2.00260728886257	5200
41006842	1471428013	.296166416554113	1.97751973831737	1000
41006851	1471428013	.273653618887463	1.99322278599411	1200
41006860	1471428013	.305224261853507	1.95639937377707	9400
41006872	1471428013	.236715721085027	1.96519692471609	6000
41006885	1471428013	.242526098279975	1.97156509136685	1400
41006891	1471428013	.300202532891152	1.99165918350276	4800
41006893	1471428013	.276364232097297	2.0062405049443	8600
